# the first line is zeros, because template
0 0 0 0 0 0
# [amp1, offset1, width1, amp2, offset2, width2]
0.45 -38 3 0.45  18 3
0.45 -48 3 0.45  30 3
0.45 -30 3 0.45  20 3
0.45 -20 3 0.45  18 3
0.45 -22 3 0.45  20 3
0.45 -22 3 0.45  20 3
0.45 -22 3 0.45  18 3
0.45 -22 3 0.45  18 3
0.45 -22 3 0.45  18 3
0.45 -17 3 0.45  -8 3
0.45 -50 3 0.45  20 3
0.45 -50 3 0.45  20 3
0.45 -50 3 0.45  20 3
0.45 -60 3 0.45  30 3
0.45 -60 3 0.45  30 3
0.45 -30 3 0.45 -18 3
0.45 -40 3 0.45 -10 3
0.45 -50 3 0.45  -7 3
0.45 -18 3 0.45   5 3
0.45 -20 3 0.45  20 3
0.45 -20 3 0.45  10 3
0.45 -30 3 0.45   0 3
0.45 -25 3 0.45 -15 3
