2455988.047279922 0.773132921 1155.047279922 -26.81606 0.04850 23.66131 0.05176
2455998.009344113 0.831296060 1165.009344113 -40.90608 0.04833 38.00314 0.05322
2456020.026793128 0.959844112 1187.026793128 -26.89638 0.06253 23.48918 0.05318
2456055.977358427 0.169740142 1222.977358427 16.39905 0.05187 -19.90476 0.05434
2456073.937068246 0.274597236 1240.937068246 20.13971 0.05377 -23.81862 0.05396
2456080.976301923 0.315695538 1247.976301923 20.31428 0.05094 -23.77969 0.05294
2456090.904683303 0.373662021 1257.904683303 19.54578 0.06967 -22.78730 0.07220
2456105.752942599 0.460353027 1272.752942599 16.54760 0.06593 -18.86999 0.06837
2456108.894849749 0.478696934 1275.894849749 15.15466 0.04573 -18.48628 0.05863
2456132.758455849 0.618023706 1299.758455849 1.74756 0.15145 -6.24565 0.13233
2456165.786901558 0.810859050 1332.786901558 -36.01789 0.07444 33.74707 0.08036
2456165.947830685 0.811798628 1332.947830685 -34.87804 0.07651 35.29290 0.07985
2456166.889910137 0.817298924 1333.889910137 -37.34899 0.07835 35.50559 0.08511
2456174.917425429 0.864167272 1341.917425429 -44.14204 0.07288 44.41712 0.07601
2456175.777945393 0.869191385 1342.777945393 -46.01136 0.05146 43.16382 0.04956
2456200.689765509 0.014638115 1367.689765509 -8.81542 0.05077 5.43218 0.04909
2456224.736099931 0.155031738 1391.736099931 15.21709 0.04860 -18.90819 0.05593
2456252.572982090 0.317556333 1419.572982090 20.16841 0.05194 -23.82145 0.05534
2456384.991672780 0.090677902 1551.991672780 7.73650 0.05364 -11.40031 0.05528
2456402.975544626 0.195676065 1569.975544626 18.18200 0.07362 -21.17311 0.07522
2456456.959033259 0.510856643 1623.959033259 12.82112 0.07043 -16.15752 0.07462
2456537.599166200 0.981671041 1704.599166200 -18.36923 0.07091 16.50811 0.07441
2456544.591213753 0.022493849 1711.591213753 -6.11967 0.18770 3.34331 0.20002
