2455988.047279922 0.773132921 1155.047279922 -19.37293 0.04850 31.10444 0.05176 tres
2455998.009344113 0.831296060 1165.009344113 -33.46295 0.04833 45.44627 0.05322 tres
2456020.026793128 0.959844112 1187.026793128 -19.45325 0.06253 30.93231 0.05318 tres
2456055.977358427 0.169740142 1222.977358427 -12.46163 0.05434 23.84218 0.05187 tres
2456073.937068246 0.274597236 1240.937068246 -16.37549 0.05396 27.58284 0.05377 tres
2456080.976301923 0.315695538 1247.976301923 -16.33656 0.05294 27.75741 0.05094 tres
2456090.904683303 0.373662021 1257.904683303 -15.34417 0.07220 26.98891 0.06967 arces
2456105.752942599 0.460353027 1272.752942599 -11.42686 0.06837 23.99073 0.06593 arces
2456108.894849749 0.478696934 1275.894849749 -11.04315 0.05863 22.59779 0.04573 tres
2456132.758455849 0.618023706 1299.758455849 1.19748 0.13233 9.19069 0.15145 tres
2456165.786901558 0.810859050 1332.786901558 -28.57476 0.07444 41.19020 0.08036 arces
2456165.947830685 0.811798628 1332.947830685 -27.43491 0.07651 42.73603 0.07985 arces
2456166.889910137 0.817298924 1333.889910137 -29.90586 0.07835 42.94872 0.08511 arces
2456174.917425429 0.864167272 1341.917425429 -36.69891 0.07288 51.86025 0.07601 arces
2456175.777945393 0.869191385 1342.777945393 -38.56823 0.05146 50.60695 0.04956 tres
2456200.689765509 0.014638115 1367.689765509 -1.37229 0.05077 12.87531 0.04909 tres
2456224.736099931 0.155031738 1391.736099931 -11.46506 0.05593 22.66022 0.04860 tres
2456252.572982090 0.317556333 1419.572982090 -16.37832 0.05534 27.61154 0.05194 tres
2456384.991672780 0.090677902 1551.991672780 -3.95718 0.05528 15.17963 0.05364 tres
2456402.975544626 0.195676065 1569.975544626 -13.72998 0.07522 25.62513 0.07362 arces
2456456.959033259 0.510856643 1623.959033259 -8.71439 0.07462 20.26425 0.07043 arces
2456537.599166200 0.981671041 1704.599166200 -10.92610 0.07091 23.95124 0.07441 arces
2456544.591213753 0.022493849 1711.591213753 1.32346 0.18770 10.78644 0.20002 arces
2456770.897694616 0.343775768 1937.897694616 17.84606 0.09028 -25.64016 0.10045	apogee
2456794.863326335 0.483698212 1961.863326335 12.46964 0.08821 -20.09537 0.08669	apogee
